3,2
3,1
3,3
10,205
10,299
10,279
10,79
10,273
10,5
10,203
10,191
8,10
8,16
8,2
8,3
52,5
52,4
52,3
52,2
52,1
52,0
50,4
50,3
50,2
50,1
50,0
48,3
48,2
48,1
48,0
20,3
20,2
20,1
19,3
19,2
19,1
12,3
12,2
12,1
11,30
11,29
11,28
11,27
11,26
11,25
11,24
11,23
11,22
11,21
11,20
11,19
11,18
11,17
11,16
11,15
11,14
11,13
11,12
11,11
11,10
11,9
11,8
11,7
11,6
11,5
11,4
11,3
11,2
11,1
10,300
10,232
10,231
10,229
18,1
10,224
10,216
10,212
10,187
18,3
10,127
10,120
10,107
14,1
10,100
14,3
13,1
10,85
13,3
10,31
10,14
10,3
10,2
10,1
9,7
9,6
9,5
9,4
9,3
9,2
9,1
8,15
8,14
